2023 01 06 14 39 30 24.75 24.88 25.90 38.20
2023 01 06 14 39 37 24.81 24.88 25.20 36.00
2023 01 06 14 40 51 24.88 24.94 25.20 36.10
2023 01 06 14 41 29 24.88 25.00 25.20 36.60
2023 01 06 14 42 18 24.94 24.94 25.10 36.20
2023 01 06 14 42 58 24.81 24.94 25.10 36.20
2023 01 06 14 46 10 24.69 24.81 25.10 37.20
2023 01 06 14 48 52 25.13 24.88 24.90 36.60
2023 01 06 14 51 34 25.13 24.81 24.70 36.60
2023 01 06 14 54 16 25.00 24.81 24.50 37.00
2023 01 06 14 56 59 24.81 24.63 24.30 36.20
2023 01 06 14 59 41 24.63 24.38 24.10 34.50
2023 01 06 15 02 23 24.44 24.19 23.80 33.50
2023 01 06 15 05 05 24.25 23.88 23.50 31.40
2023 01 06 15 07 47 24.06 23.69 23.30 30.80
2023 01 06 15 10 30 23.81 23.50 23.10 30.00
2023 01 06 15 13 12 23.69 23.31 22.90 29.50
2023 01 06 15 15 54 23.63 23.19 22.80 29.20
2023 01 06 15 18 36 23.44 23.06 22.70 28.90
2023 01 06 15 21 19 23.31 22.94 22.60 29.30
2023 01 06 15 24 01 23.31 22.81 22.40 30.00
2023 01 06 15 26 43 23.13 22.75 22.30 31.50
2023 01 06 15 29 25 23.00 22.56 22.20 30.60
2023 01 06 15 32 07 22.88 22.44 22.10 29.80
2023 01 06 15 34 50 22.75 22.38 22.00 29.30
2023 01 06 15 37 32 22.69 22.31 21.90 29.00
2023 01 06 15 40 14 22.63 22.19 21.80 28.50
2023 01 06 15 42 56 22.44 22.06 21.70 28.50
2023 01 06 15 45 39 22.38 21.94 21.60 28.40
2023 01 06 15 48 21 22.25 21.88 21.60 28.70
2023 01 06 15 51 03 22.19 21.88 21.50 28.30
2023 01 06 15 53 45 22.19 21.81 21.40 27.90
2023 01 06 15 56 27 22.13 21.75 21.40 27.90
2023 01 06 15 59 10 22.13 21.69 21.30 27.80
2023 01 06 16 01 52 22.06 21.69 21.30 28.00
2023 01 06 16 04 34 22.06 21.69 21.30 27.90
2023 01 06 16 07 16 22.00 21.69 21.30 27.70
2023 01 06 16 09 59 22.06 21.56 21.30 27.70
2023 01 06 16 12 41 21.94 21.56 21.20 27.40
2023 01 06 16 15 23 21.88 21.50 21.20 27.50
2023 01 06 16 18 05 21.88 21.50 21.10 27.20
2023 01 06 16 20 48 21.88 21.50 21.10 27.30
2023 01 06 16 23 30 21.81 21.44 21.10 27.20
2023 01 06 16 26 12 21.81 21.44 21.10 27.30
2023 01 06 16 28 54 21.75 21.44 21.10 27.60
2023 01 06 16 31 36 21.81 21.56 21.30 27.80
2023 01 06 16 34 19 22.00 21.69 21.40 27.60
2023 01 06 16 37 01 22.19 21.94 21.60 27.70
2023 01 06 16 39 43 22.31 22.06 21.80 27.90
2023 01 06 16 42 25 22.50 22.19 21.90 27.80
2023 01 06 16 45 08 22.56 22.31 22.10 28.00
2023 01 06 16 47 50 22.75 22.50 22.20 28.20
2023 01 06 16 50 32 22.81 22.56 22.30 28.30
2023 01 06 16 53 14 22.94 22.63 22.40 28.50
2023 01 06 16 55 57 23.00 22.75 22.50 28.50
2023 01 06 16 58 39 23.06 22.81 22.60 28.80
2023 01 06 17 01 21 23.19 22.94 22.60 28.90
2023 01 06 17 04 03 23.25 23.00 22.70 29.00
2023 01 06 17 06 45 23.38 23.06 22.80 29.40
2023 01 06 17 09 28 23.38 23.13 22.80 29.30
2023 01 06 17 12 10 23.44 23.13 22.90 29.50
2023 01 06 17 14 52 23.50 23.19 22.90 29.60
2023 01 06 17 17 34 23.56 23.25 23.00 29.70
2023 01 06 17 20 16 23.56 23.25 23.00 29.80
2023 01 06 17 22 59 23.63 23.31 23.00 29.90
2023 01 06 17 25 41 23.69 23.38 23.10 30.00
2023 01 06 17 28 23 23.69 23.38 23.10 30.00
2023 01 06 17 31 05 23.69 23.38 23.10 30.20
2023 01 06 17 33 47 23.75 23.38 23.10 30.20
2023 01 06 17 36 30 23.75 23.44 23.20 30.50
2023 01 06 17 39 12 23.75 23.44 23.20 30.70
2023 01 06 17 41 54 23.75 23.44 23.20 31.20
2023 01 06 17 44 36 23.75 23.44 23.20 31.30
2023 01 06 17 47 18 23.75 23.44 23.20 31.30
2023 01 06 17 50 01 23.75 23.44 23.20 31.30
2023 01 06 17 52 43 23.81 23.50 23.20 31.40
2023 01 06 17 55 25 23.81 23.50 23.20 31.40
2023 01 06 17 58 07 23.88 23.50 23.20 31.40
2023 01 06 18 00 49 23.88 23.50 23.20 31.60
2023 01 06 18 03 32 23.88 23.50 23.20 31.60
2023 01 06 18 06 14 23.88 23.56 23.30 31.60
2023 01 06 18 08 56 23.88 23.56 23.30 32.50
2023 01 06 18 11 38 23.94 23.56 23.30 32.80
2023 01 06 18 14 21 23.94 23.56 23.30 33.10
2023 01 06 18 17 03 23.94 23.63 23.40 33.80
2023 01 06 18 19 45 24.00 23.69 23.30 34.20
2023 01 06 18 22 27 24.00 23.69 23.40 35.10
2023 01 06 18 25 09 24.06 23.69 23.50 35.40
2023 01 06 18 27 52 24.06 23.69 23.40 35.80
2023 01 06 18 30 34 24.06 23.75 23.40 35.40
2023 01 06 18 33 16 24.13 23.75 23.50 35.30
2023 01 06 18 35 58 24.13 23.75 23.50 35.50
2023 01 06 18 38 40 24.06 23.69 23.50 35.40
2023 01 06 18 41 23 24.06 23.75 23.50 35.30
2023 01 06 18 44 05 24.06 23.75 23.50 35.10
2023 01 06 18 46 47 24.06 23.69 23.50 35.10
2023 01 06 18 49 29 24.06 23.69 23.40 35.00
2023 01 06 18 52 11 24.06 23.69 23.40 34.90
2023 01 06 18 54 54 24.06 23.75 23.50 35.00
2023 01 06 18 57 36 24.06 23.69 23.50 34.90
2023 01 06 19 00 18 24.06 23.75 23.50 34.90
2023 01 06 19 03 00 24.13 23.75 23.50 34.90
2023 01 06 19 05 42 24.13 23.75 23.50 35.10
2023 01 06 19 08 25 24.06 23.69 23.40 35.20
2023 01 06 19 11 07 24.06 23.75 23.50 35.50
2023 01 06 19 13 49 24.06 23.81 23.50 34.90
2023 01 06 19 16 31 24.00 23.75 23.40 33.70
2023 01 06 19 19 14 23.94 23.69 23.40 33.50
2023 01 06 19 21 56 23.94 23.63 23.30 33.30
2023 01 06 19 24 38 23.88 23.56 23.30 32.90
2023 01 06 19 27 20 23.88 23.63 23.30 32.50
2023 01 06 19 30 02 23.88 23.63 23.20 31.70
2023 01 06 19 32 45 23.88 23.56 23.20 31.30
2023 01 06 19 35 27 23.81 23.56 23.20 31.00
2023 01 06 19 38 09 23.81 23.56 23.20 30.60
2023 01 06 19 40 51 23.81 23.56 23.20 30.30
2023 01 06 19 43 33 23.81 23.56 23.20 30.20
2023 01 06 19 46 16 23.81 23.56 23.20 29.90
2023 01 06 19 48 58 23.88 23.56 23.20 29.70
2023 01 06 19 51 40 23.81 23.56 23.20 29.70
2023 01 06 19 54 22 23.81 23.56 23.20 29.50
2023 01 06 19 57 04 23.88 23.56 23.20 29.40
2023 01 06 19 59 47 23.88 23.56 23.20 29.40
2023 01 06 20 02 29 23.81 23.56 23.20 29.20
2023 01 06 20 05 11 23.88 23.56 23.20 29.00
2023 01 06 20 07 53 23.88 23.56 23.20 29.10
2023 01 06 20 10 35 23.88 23.56 23.20 29.50
2023 01 06 20 13 18 23.88 23.56 23.30 29.40
2023 01 06 20 16 00 23.94 23.63 23.30 29.90
2023 01 06 20 18 42 23.94 23.69 23.30 29.90
2023 01 06 20 21 24 24.00 23.69 23.40 29.90
2023 01 06 20 24 06 24.00 23.75 23.40 29.90
2023 01 06 20 26 49 24.06 23.81 23.40 29.90
2023 01 06 20 29 31 24.13 23.81 23.50 30.00
2023 01 06 20 32 13 24.13 23.81 23.50 30.00
2023 01 06 20 34 55 24.13 23.81 23.50 30.00
2023 01 06 20 37 37 24.19 23.88 23.50 30.00
2023 01 06 20 40 20 24.19 23.94 23.50 30.00
2023 01 06 20 43 02 24.25 23.94 23.60 30.00
2023 01 06 20 45 44 24.25 23.94 23.60 30.10
2023 01 06 20 48 26 24.25 23.94 23.60 30.20
2023 01 06 20 51 08 24.25 23.94 23.60 30.30
2023 01 06 20 53 51 24.25 23.94 23.60 30.50
2023 01 06 20 56 33 24.19 23.94 23.60 30.90
2023 01 06 20 59 15 24.19 23.94 23.60 31.40
2023 01 06 21 01 57 24.25 24.00 23.60 31.60
2023 01 06 21 04 39 24.31 24.00 23.70 31.70
2023 01 06 21 07 22 24.44 24.06 23.70 31.50
2023 01 06 21 10 04 24.44 24.13 23.80 31.80
2023 01 06 21 12 46 24.50 24.19 23.80 31.70
2023 01 06 21 15 28 24.56 24.19 23.90 31.80
2023 01 06 21 18 10 24.56 24.25 23.90 31.80
2023 01 06 21 20 53 24.56 24.25 23.90 32.00
2023 01 06 21 23 35 24.56 24.25 23.90 32.50
2023 01 06 21 26 17 24.56 24.25 23.90 32.60
2023 01 06 21 28 59 24.63 24.31 23.90 32.70
2023 01 06 21 31 41 24.63 24.31 24.00 32.90
2023 01 06 21 34 24 24.63 24.31 24.00 33.00
2023 01 06 21 37 06 24.63 24.31 24.00 33.10
2023 01 06 21 39 48 24.63 24.31 24.00 33.10
2023 01 06 21 42 30 24.69 24.31 24.00 33.20
2023 01 06 21 45 12 24.69 24.38 24.00 33.20
2023 01 06 21 47 55 24.69 24.38 24.00 33.20
2023 01 06 21 50 37 24.69 24.38 24.00 33.30
2023 01 06 21 53 19 24.69 24.38 24.00 33.50
2023 01 06 21 56 01 24.69 24.38 24.00 33.50
2023 01 06 21 58 43 24.69 24.44 24.00 33.60
2023 01 06 22 01 26 24.75 24.44 24.00 33.60
2023 01 06 22 04 08 24.75 24.44 24.00 33.50
2023 01 06 22 06 50 24.75 24.38 24.00 33.60
2023 01 06 22 09 32 24.75 24.44 24.00 33.40
2023 01 06 22 12 14 24.81 24.44 24.10 33.40
2023 01 06 22 14 57 24.81 24.44 24.10 33.30
2023 01 06 22 17 39 24.81 24.50 24.20 33.30
2023 01 06 22 20 21 24.81 24.50 24.10 33.20
2023 01 06 22 23 03 24.81 24.44 24.10 33.20
2023 01 06 22 25 45 24.88 24.50 24.20 33.20
2023 01 06 22 28 28 24.88 24.50 24.20 33.30
2023 01 06 22 31 10 24.81 24.50 24.20 33.30
2023 01 06 22 33 52 24.81 24.50 24.20 33.90
2023 01 06 22 36 34 24.81 24.50 24.20 33.50
2023 01 06 22 39 16 24.75 24.44 24.10 33.70
2023 01 06 22 41 59 24.75 24.44 24.10 33.90
2023 01 06 22 44 41 24.75 24.44 24.10 34.00
2023 01 06 22 47 23 24.75 24.44 24.20 34.10
2023 01 06 22 50 05 24.81 24.44 24.20 34.20
2023 01 06 22 52 47 24.75 24.44 24.10 34.10
2023 01 06 22 55 29 24.81 24.44 24.10 34.20
2023 01 06 22 58 12 24.75 24.44 24.10 34.10
2023 01 06 23 00 54 24.75 24.44 24.10 35.00
2023 01 06 23 03 36 24.75 24.44 24.10 34.90
2023 01 06 23 06 18 24.75 24.44 24.10 35.20
2023 01 06 23 09 00 24.75 24.44 24.10 35.10
2023 01 06 23 11 43 24.75 24.44 24.10 34.90
2023 01 06 23 14 25 24.75 24.44 24.10 34.90
2023 01 06 23 17 07 24.75 24.44 24.10 34.90
2023 01 06 23 19 49 24.75 24.44 24.10 34.90
2023 01 06 23 22 31 24.81 24.50 24.20 34.90
2023 01 06 23 25 14 24.81 24.50 24.20 34.90
2023 01 06 23 27 56 24.81 24.50 24.20 34.90
2023 01 06 23 30 38 24.81 24.50 24.20 35.10
2023 01 06 23 33 20 24.81 24.50 24.20 35.10
2023 01 06 23 36 02 24.81 24.50 24.20 34.90
2023 01 06 23 38 45 24.81 24.56 24.20 34.90
2023 01 06 23 41 27 24.81 24.56 24.20 35.10
2023 01 06 23 44 09 24.81 24.50 24.20 35.30
2023 01 06 23 46 51 24.88 24.56 24.20 35.00
2023 01 06 23 49 33 24.88 24.50 24.20 35.30
2023 01 06 23 52 16 24.81 24.56 24.20 34.90
2023 01 06 23 54 58 24.81 24.50 24.10 35.00
2023 01 06 23 57 40 24.75 24.50 24.10 35.10
2023 01 07 00 00 22 24.75 24.50 24.10 35.20
2023 01 07 00 03 04 24.75 24.44 24.10 35.40
2023 01 07 00 05 47 24.75 24.44 24.10 35.30
2023 01 07 00 08 29 24.75 24.50 24.10 35.60
2023 01 07 00 11 11 24.75 24.44 24.10 35.10
2023 01 07 00 13 53 24.75 24.50 24.10 35.40
2023 01 07 00 16 35 24.75 24.50 24.10 35.20
2023 01 07 00 19 18 24.81 24.50 24.10 35.10
2023 01 07 00 22 00 24.75 24.44 24.10 35.20
2023 01 07 00 24 42 24.75 24.44 24.10 35.20
2023 01 07 00 27 24 24.81 24.50 24.10 35.00
2023 01 07 00 30 06 24.81 24.50 24.10 35.50
2023 01 07 00 32 49 24.81 24.50 24.10 35.10
2023 01 07 00 35 31 24.81 24.50 24.10 35.10
2023 01 07 00 38 13 24.81 24.50 24.20 35.30
2023 01 07 00 40 55 24.81 24.50 24.10 35.40
2023 01 07 00 43 37 24.81 24.50 24.10 35.40
2023 01 07 00 46 19 24.75 24.50 24.10 35.50
2023 01 07 00 49 02 24.81 24.50 24.10 35.30
2023 01 07 00 51 44 24.81 24.44 24.10 35.20
2023 01 07 00 54 26 24.75 24.50 24.10 35.60
2023 01 07 00 57 08 24.81 24.50 24.10 35.10
2023 01 07 00 59 50 24.81 24.50 24.10 35.50
2023 01 07 01 02 33 24.75 24.50 24.10 35.40
2023 01 07 01 05 15 24.75 24.44 24.10 35.60
2023 01 07 01 07 57 24.75 24.44 24.10 35.60
2023 01 07 01 10 39 24.81 24.50 24.20 35.50
2023 01 07 01 13 21 24.81 24.56 24.20 35.30
2023 01 07 01 16 04 24.88 24.56 24.20 35.20
2023 01 07 01 18 46 24.81 24.56 24.20 35.30
2023 01 07 01 21 28 24.81 24.56 24.20 35.40
2023 01 07 01 24 10 24.81 24.50 24.20 35.40
2023 01 07 01 26 52 24.81 24.56 24.20 35.40
2023 01 07 01 29 35 24.88 24.56 24.20 35.40
2023 01 07 01 32 17 24.88 24.56 24.20 35.60
2023 01 07 01 34 59 24.81 24.50 24.20 35.50
2023 01 07 01 37 41 24.88 24.50 24.20 35.30
2023 01 07 01 40 23 24.81 24.56 24.20 35.50
2023 01 07 01 43 06 24.88 24.63 24.20 35.80
2023 01 07 01 45 48 24.88 24.56 24.20 35.50
2023 01 07 01 48 30 24.88 24.56 24.20 35.40
2023 01 07 01 51 12 24.81 24.56 24.20 35.90
2023 01 07 01 53 54 24.88 24.56 24.20 35.30
2023 01 07 01 56 37 24.94 24.56 24.20 35.20
2023 01 07 01 59 19 24.88 24.56 24.20 35.40
2023 01 07 02 02 01 24.88 24.56 24.20 35.20
2023 01 07 02 04 43 24.88 24.56 24.20 35.10
2023 01 07 02 07 25 24.88 24.56 24.20 35.00
2023 01 07 02 10 08 24.81 24.56 24.10 35.40
2023 01 07 02 12 50 24.81 24.50 24.10 35.70
2023 01 07 02 15 32 24.75 24.50 24.10 35.60
2023 01 07 02 18 14 24.81 24.50 24.10 35.90
2023 01 07 02 20 56 24.75 24.44 24.10 35.60
2023 01 07 02 23 39 24.75 24.44 24.00 35.70
2023 01 07 02 26 21 24.75 24.44 24.00 35.50
2023 01 07 02 29 03 24.75 24.44 24.00 35.80
2023 01 07 02 31 45 24.75 24.44 24.00 36.40
2023 01 07 02 34 27 24.75 24.44 24.00 36.40
2023 01 07 02 37 09 24.69 24.38 24.00 36.10
2023 01 07 02 39 52 24.69 24.38 24.00 36.70
2023 01 07 02 42 34 24.69 24.38 24.00 36.80
2023 01 07 02 45 16 24.63 24.38 24.00 37.40
2023 01 07 02 47 58 24.69 24.38 23.90 36.80
2023 01 07 02 50 40 24.75 24.38 24.00 36.70
2023 01 07 02 53 23 24.75 24.44 24.00 36.70
2023 01 07 02 56 05 24.75 24.44 24.00 36.50
2023 01 07 02 58 47 24.75 24.38 24.00 36.40
2023 01 07 03 01 29 24.75 24.44 24.00 36.50
2023 01 07 03 04 11 24.75 24.38 24.00 36.70
2023 01 07 03 06 54 24.69 24.38 24.00 37.10
2023 01 07 03 09 36 24.75 24.44 24.00 37.10
2023 01 07 03 12 18 24.69 24.38 24.00 36.90
2023 01 07 03 15 00 24.63 24.38 24.00 36.80
2023 01 07 03 17 42 24.69 24.38 24.00 36.80
2023 01 07 03 20 25 24.75 24.38 24.00 36.90
2023 01 07 03 23 07 24.69 24.38 24.00 37.00
2023 01 07 03 25 49 24.69 24.38 24.00 37.10
2023 01 07 03 28 31 24.75 24.38 24.00 37.00
2023 01 07 03 31 13 24.69 24.38 24.00 37.30
2023 01 07 03 33 56 24.69 24.38 24.00 37.20
2023 01 07 03 36 38 24.69 24.38 24.00 37.30
2023 01 07 03 39 20 24.69 24.38 24.00 37.50
2023 01 07 03 42 02 24.75 24.44 24.00 37.60
2023 01 07 03 44 44 24.75 24.44 24.10 37.30
2023 01 07 03 47 27 24.75 24.44 24.00 37.30
2023 01 07 03 50 09 24.81 24.44 24.10 37.30
2023 01 07 03 52 51 24.81 24.44 24.00 37.10
2023 01 07 03 55 33 24.75 24.50 24.10 37.10
2023 01 07 03 58 15 24.81 24.50 24.10 37.20
2023 01 07 04 00 58 24.75 24.50 24.10 37.30
2023 01 07 04 03 40 24.75 24.44 24.10 37.10
2023 01 07 04 06 22 24.81 24.50 24.10 37.10
2023 01 07 04 09 04 24.81 24.50 24.10 37.50
2023 01 07 04 11 46 24.81 24.50 24.10 37.30
2023 01 07 04 14 29 24.81 24.50 24.10 37.10
2023 01 07 04 17 11 24.75 24.44 24.10 37.70
2023 01 07 04 19 53 24.75 24.44 24.00 37.30
2023 01 07 04 22 35 24.75 24.44 24.00 37.20
2023 01 07 04 25 17 24.75 24.44 24.10 37.00
2023 01 07 04 28 00 24.75 24.44 24.00 37.00
2023 01 07 04 30 42 24.75 24.44 24.00 36.80
2023 01 07 04 33 24 24.75 24.44 24.00 36.70
2023 01 07 04 36 06 24.81 24.50 24.00 36.70
2023 01 07 04 38 48 24.75 24.44 24.00 36.80
2023 01 07 04 41 31 24.75 24.50 24.00 37.10
2023 01 07 04 44 13 24.81 24.44 24.00 36.60
2023 01 07 04 46 55 24.75 24.44 24.10 36.60
2023 01 07 04 49 37 24.75 24.44 24.00 36.60
2023 01 07 04 52 19 24.75 24.44 24.00 36.50
2023 01 07 04 55 01 24.75 24.44 24.10 36.60
2023 01 07 04 57 44 24.75 24.44 24.10 36.50
2023 01 07 05 00 26 24.75 24.44 24.00 36.50
2023 01 07 05 03 08 24.69 24.44 24.00 36.90
2023 01 07 05 05 50 24.75 24.44 24.00 36.50
2023 01 07 05 08 32 24.75 24.44 24.00 36.50
2023 01 07 05 11 15 24.75 24.44 24.10 36.80
2023 01 07 05 13 57 24.75 24.44 24.00 36.80
2023 01 07 05 16 39 24.75 24.44 24.00 36.60
2023 01 07 05 19 21 24.75 24.44 24.00 36.90
2023 01 07 05 22 03 24.75 24.44 24.10 37.10
2023 01 07 05 24 46 24.75 24.44 24.00 36.70
2023 01 07 05 27 28 24.81 24.44 24.00 36.60
2023 01 07 05 30 10 24.81 24.44 24.10 36.60
2023 01 07 05 32 52 24.81 24.50 24.10 36.70
2023 01 07 05 35 34 24.81 24.50 24.10 36.50
2023 01 07 05 38 17 24.81 24.50 24.10 36.70
2023 01 07 05 40 59 24.81 24.50 24.10 36.60
2023 01 07 05 43 41 24.75 24.50 24.00 36.70
2023 01 07 05 46 23 24.81 24.50 24.10 36.50
2023 01 07 05 49 05 24.81 24.50 24.10 36.40
2023 01 07 05 51 48 24.81 24.50 24.10 36.30
2023 01 07 05 54 30 24.81 24.50 24.20 36.30
2023 01 07 05 57 12 24.81 24.50 24.20 36.30
2023 01 07 05 59 54 24.81 24.50 24.10 36.10
2023 01 07 06 02 36 24.75 24.50 24.10 36.10
2023 01 07 06 05 19 24.81 24.50 24.10 36.00
2023 01 07 06 08 01 24.81 24.50 24.10 36.10
2023 01 07 06 10 43 24.81 24.50 24.10 36.10
2023 01 07 06 13 25 24.81 24.50 24.10 36.00
2023 01 07 06 16 07 24.81 24.50 24.10 36.10
2023 01 07 06 18 50 24.75 24.44 24.10 36.10
2023 01 07 06 21 32 24.75 24.50 24.10 35.90
2023 01 07 06 24 14 24.75 24.44 24.10 35.80
2023 01 07 06 26 56 24.75 24.44 24.00 35.70
2023 01 07 06 29 38 24.81 24.44 24.10 35.70
2023 01 07 06 32 21 24.81 24.50 24.10 35.70
2023 01 07 06 35 03 24.81 24.50 24.10 35.60
2023 01 07 06 37 45 24.75 24.44 24.10 35.60
2023 01 07 06 40 27 24.81 24.44 24.10 35.50
2023 01 07 06 43 09 24.75 24.44 24.10 35.50
2023 01 07 06 45 52 24.75 24.44 24.10 35.50
2023 01 07 06 48 34 24.75 24.50 24.10 35.50
2023 01 07 06 51 16 24.75 24.44 24.10 35.60
2023 01 07 06 53 58 24.75 24.44 24.10 35.60
2023 01 07 06 56 40 24.75 24.44 24.10 35.60
2023 01 07 06 59 23 24.75 24.44 24.10 35.50
2023 01 07 07 02 05 24.81 24.44 24.10 35.50
2023 01 07 07 04 47 24.69 24.44 24.10 35.90
2023 01 07 07 07 29 24.69 24.44 24.00 35.80
2023 01 07 07 10 11 24.75 24.44 24.00 36.00
2023 01 07 07 12 54 24.69 24.44 24.10 36.20
2023 01 07 07 15 36 24.69 24.44 24.10 36.50
2023 01 07 07 18 18 24.75 24.44 24.00 35.70
2023 01 07 07 21 00 24.75 24.44 24.10 35.70
2023 01 07 07 23 42 24.75 24.44 24.10 36.30
2023 01 07 07 26 25 24.75 24.44 24.10 35.90
2023 01 07 07 29 07 24.75 24.44 24.10 35.80
2023 01 07 07 31 49 24.69 24.44 24.10 36.10
2023 01 07 07 34 31 24.75 24.44 24.10 36.10
2023 01 07 07 37 13 24.81 24.44 24.10 35.90
2023 01 07 07 39 55 24.81 24.50 24.10 35.70
2023 01 07 07 42 38 24.81 24.50 24.10 35.70
2023 01 07 07 45 20 24.81 24.50 24.10 35.60
2023 01 07 07 48 02 24.81 24.50 24.10 35.50
2023 01 07 07 50 44 24.81 24.50 24.10 35.40
2023 01 07 07 53 26 24.75 24.50 24.10 35.90
2023 01 07 07 56 09 24.75 24.50 24.10 35.80
2023 01 07 07 58 51 24.81 24.50 24.10 35.60
2023 01 07 08 01 33 24.81 24.50 24.10 35.50
2023 01 07 08 04 15 24.81 24.50 24.10 35.40
2023 01 07 08 06 57 24.81 24.50 24.10 35.40
2023 01 07 08 09 40 24.81 24.50 24.10 35.60
2023 01 07 08 12 22 24.81 24.50 24.10 35.90
2023 01 07 08 15 04 24.81 24.50 24.10 35.60
2023 01 07 08 17 46 24.75 24.44 24.10 35.60
2023 01 07 08 20 28 24.81 24.50 24.10 35.60
2023 01 07 08 23 11 24.81 24.50 24.10 35.40
2023 01 07 08 25 53 24.81 24.50 24.10 35.40
2023 01 07 08 28 35 24.88 24.50 24.10 35.30
2023 01 07 08 31 17 24.81 24.50 24.10 35.30
2023 01 07 08 33 59 24.88 24.50 24.10 35.20
2023 01 07 08 36 42 24.81 24.50 24.20 35.30
2023 01 07 08 39 24 24.81 24.50 24.10 35.20
2023 01 07 08 42 06 24.81 24.50 24.10 35.00
2023 01 07 08 44 48 24.81 24.50 24.10 34.90
2023 01 07 08 47 30 24.81 24.50 24.10 34.90
2023 01 07 08 50 13 24.81 24.50 24.10 34.90
2023 01 07 08 52 55 24.81 24.50 24.10 34.90
2023 01 07 08 55 37 24.81 24.50 24.10 34.80
2023 01 07 08 58 19 24.81 24.50 24.10 34.80
2023 01 07 09 01 01 24.81 24.50 24.10 34.80
2023 01 07 09 03 44 24.81 24.50 24.10 34.80
2023 01 07 09 06 26 24.81 24.50 24.10 34.80
2023 01 07 09 09 08 24.81 24.50 24.10 34.60
2023 01 07 09 11 50 24.81 24.50 24.10 35.30
2023 01 07 09 14 32 24.75 24.44 24.10 35.40
2023 01 07 09 17 15 24.81 24.50 24.10 35.00
2023 01 07 09 19 57 24.81 24.44 24.10 35.30
2023 01 07 09 22 39 24.75 24.50 24.10 35.10
2023 01 07 09 25 21 24.75 24.44 24.10 35.10
2023 01 07 09 28 03 24.81 24.50 24.10 35.30
2023 01 07 09 30 45 24.81 24.50 24.10 35.00
2023 01 07 09 33 28 24.75 24.50 24.10 35.10
2023 01 07 09 36 10 24.75 24.50 24.10 34.90
2023 01 07 09 38 52 24.81 24.50 24.10 34.90
2023 01 07 09 41 34 24.81 24.50 24.10 34.90
2023 01 07 09 44 16 24.81 24.44 24.10 34.90
2023 01 07 09 46 59 24.81 24.50 24.10 34.90
2023 01 07 09 49 41 24.81 24.50 24.10 34.90
2023 01 07 09 52 23 24.81 24.50 24.10 35.00
2023 01 07 09 55 05 24.81 24.50 24.10 34.90
2023 01 07 09 57 47 24.81 24.50 24.10 35.20
2023 01 07 10 00 30 24.75 24.50 24.10 35.50
2023 01 07 10 03 12 24.75 24.50 24.10 35.00
2023 01 07 10 05 54 24.75 24.44 24.10 35.10
2023 01 07 10 08 36 24.75 24.44 24.10 35.10
2023 01 07 10 11 18 24.75 24.50 24.10 35.20
2023 01 07 10 14 01 24.75 24.44 24.00 35.20
2023 01 07 10 16 43 24.75 24.44 24.00 35.30
2023 01 07 10 19 25 24.75 24.44 24.00 35.10
2023 01 07 10 22 07 24.75 24.44 24.00 35.10
2023 01 07 10 24 49 24.75 24.44 24.00 35.60
2023 01 07 10 27 32 24.75 24.44 24.00 35.50
2023 01 07 10 30 14 24.81 24.44 24.00 35.50
2023 01 07 10 32 56 24.75 24.44 24.00 35.40
2023 01 07 10 35 38 24.75 24.44 24.10 35.50
2023 01 08 15 24 29 22.56 22.63 22.90 31.80
2023 01 08 15 27 11 22.94 22.94 22.90 33.00
2023 01 08 15 29 53 23.19 23.06 23.00 33.20
2023 01 08 15 32 35 23.44 23.19 23.00 33.00
2023 01 08 15 35 18 23.50 23.31 23.20 33.30
2023 01 08 15 38 00 23.56 23.38 23.10 33.10
2023 01 08 15 40 42 23.63 23.38 23.00 32.80
2023 01 08 15 43 24 23.63 23.38 23.00 33.10
2023 01 08 15 46 06 23.69 23.38 23.10 33.10
2023 01 08 15 48 49 23.69 23.44 23.00 33.70
2023 01 08 15 51 31 23.75 23.44 23.10 34.40
2023 01 08 15 54 13 23.81 23.50 23.20 35.30
2023 01 08 15 56 55 23.88 23.56 23.20 37.50
2023 01 08 15 59 37 23.94 23.63 23.30 38.40
2023 01 08 16 02 20 24.06 23.69 23.40 38.40
2023 01 08 16 05 02 24.00 23.69 23.40 38.70
2023 01 08 16 07 44 24.06 23.75 23.40 40.50
2023 01 08 16 10 26 24.06 23.69 23.40 40.10
2023 01 08 16 13 08 24.06 23.69 23.30 39.90
2023 01 08 16 15 51 24.00 23.69 23.30 39.90
2023 01 08 16 18 33 24.00 23.75 23.40 39.50
2023 01 08 16 21 15 24.00 23.69 23.30 39.40
2023 01 08 16 23 57 24.00 23.69 23.30 39.50
2023 01 08 16 26 40 24.06 23.69 23.30 41.60
2023 01 08 16 29 22 24.06 23.69 23.30 40.70
2023 01 08 16 32 04 24.06 23.69 23.30 39.90
2023 01 08 16 34 46 24.06 23.75 23.40 41.00
2023 01 08 16 37 28 24.06 23.69 23.40 40.80
2023 01 08 16 40 11 24.06 23.75 23.40 40.90
2023 01 08 16 42 53 24.13 23.81 23.40 41.20
2023 01 08 16 45 35 24.19 23.81 23.50 40.90
2023 01 08 16 48 17 24.19 23.88 23.50 40.80
2023 01 08 16 50 59 24.13 23.81 23.50 40.80
2023 01 08 16 53 42 24.19 23.81 23.50 40.90
2023 01 08 16 56 24 24.25 23.88 23.50 40.70
2023 01 08 16 59 06 24.13 23.88 23.40 40.90
2023 01 08 17 01 48 24.13 23.88 23.50 41.00
2023 01 08 17 04 30 24.19 23.88 23.50 41.20
2023 01 08 17 07 13 24.25 23.88 23.50 42.80
2023 01 08 17 09 55 24.25 23.94 23.50 42.00
2023 01 08 17 12 37 24.25 23.94 23.50 42.70
2023 01 08 17 15 19 24.25 23.94 23.50 42.40
2023 01 08 17 18 01 24.25 23.94 23.50 43.60
2023 01 08 17 20 44 24.19 23.94 23.50 43.10
2023 01 08 17 23 26 24.19 23.94 23.50 42.70
2023 01 08 17 26 08 24.25 23.94 23.50 42.50
2023 01 08 17 28 50 24.31 23.94 23.50 42.60
2023 01 08 17 31 32 24.31 23.94 23.60 43.10
2023 01 08 17 34 15 24.31 23.94 23.60 42.80
2023 01 08 17 36 57 24.31 23.94 23.60 42.90
2023 01 08 17 39 39 24.31 23.94 23.60 42.60
2023 01 08 17 42 21 24.31 24.00 23.60 42.70
2023 01 08 17 45 03 24.31 23.94 23.60 42.30
2023 01 08 17 47 46 24.31 23.94 23.60 42.10
2023 01 08 17 50 28 24.31 24.00 23.60 41.70
2023 01 08 17 53 10 24.38 24.00 23.60 41.30
2023 01 08 17 55 52 24.38 24.06 23.70 41.00
2023 01 08 17 58 34 24.44 24.13 23.80 40.60
2023 01 08 18 01 17 24.44 24.06 23.80 40.50
2023 01 08 18 03 59 24.44 24.06 23.80 40.30
2023 01 08 18 06 41 24.38 24.00 23.70 40.10
2023 01 08 18 09 23 24.44 24.00 23.70 39.90
2023 01 08 18 12 06 24.44 24.13 23.70 39.60
2023 01 08 18 14 48 24.44 24.13 23.80 39.50
2023 01 08 18 17 30 24.44 24.13 23.80 39.30
2023 01 08 18 20 12 24.50 24.13 23.80 39.20
2023 01 08 18 22 54 24.50 24.13 23.80 39.10
2023 01 08 18 25 37 24.50 24.13 23.80 39.00
2023 01 08 18 28 19 24.50 24.13 23.80 39.00
2023 01 08 18 31 01 24.50 24.19 23.80 38.80
2023 01 08 18 33 43 24.50 24.13 23.90 38.60
2023 01 08 18 36 25 24.44 24.13 23.80 38.60
2023 01 08 18 39 08 24.44 24.06 23.80 40.20
2023 01 08 18 41 50 24.44 24.00 23.80 39.00
2023 01 08 18 44 32 24.38 24.00 23.70 39.00
2023 01 08 18 47 14 24.44 24.00 23.70 40.00
2023 01 08 18 49 56 24.44 23.94 23.70 38.70
2023 01 08 18 52 39 24.44 24.00 23.70 38.60
2023 01 08 18 55 21 24.44 24.00 23.60 38.50
2023 01 08 18 58 03 24.31 23.94 23.70 38.40
2023 01 08 19 00 45 24.31 23.88 23.60 38.20
2023 01 08 19 03 27 24.31 23.94 23.60 37.60
2023 01 08 19 06 10 24.25 23.88 23.60 38.00
2023 01 08 19 08 52 24.31 23.88 23.60 38.30
2023 01 08 19 11 34 24.31 23.81 23.60 38.30
2023 01 08 19 14 16 24.25 23.81 23.60 38.60
2023 01 08 19 16 58 24.25 23.81 23.60 38.90
2023 01 08 19 19 41 24.19 23.81 23.60 38.70
2023 01 08 19 22 23 24.19 23.75 23.50 38.50
2023 01 08 19 25 05 24.19 23.81 23.60 38.50
2023 01 08 19 27 47 24.19 23.81 23.60 38.80
2023 01 08 19 30 29 24.19 23.81 23.50 38.80
2023 01 08 19 33 12 24.25 23.81 23.50 38.80
2023 01 08 19 35 54 24.19 23.75 23.50 38.70
2023 01 08 19 38 36 24.19 23.75 23.50 38.60
2023 01 08 19 41 18 24.13 23.75 23.50 38.70
2023 01 08 19 44 01 24.13 23.75 23.50 38.50
2023 01 08 19 46 43 24.13 23.75 23.50 38.40
2023 01 08 19 49 25 24.19 23.75 23.50 38.20
2023 01 08 19 52 07 24.19 23.81 23.50 38.70
2023 01 08 19 54 49 24.19 23.75 23.50 38.50
2023 01 08 19 57 32 24.25 23.81 23.60 39.10
2023 01 08 20 00 14 24.25 23.81 23.50 39.60
2023 01 08 20 02 56 24.25 23.81 23.50 39.90
2023 01 08 20 05 38 24.19 23.81 23.50 39.90
2023 01 08 20 08 20 24.19 23.75 23.50 40.00
2023 01 08 20 11 03 24.19 23.81 23.50 40.10
2023 01 08 20 13 45 24.25 23.81 23.60 40.00
2023 01 08 20 16 27 24.25 23.88 23.60 39.80
2023 01 08 20 19 09 24.31 23.94 23.60 39.80
2023 01 08 20 21 51 24.31 23.94 23.60 40.30
2023 01 08 20 24 34 24.38 23.94 23.70 39.70
2023 01 08 20 27 16 24.38 23.94 23.60 39.80
2023 01 08 20 29 58 24.31 24.00 23.70 39.80
2023 01 08 20 32 40 24.38 23.94 23.70 39.70
2023 01 08 20 35 22 24.38 23.94 23.70 40.60
2023 01 08 20 38 05 24.38 24.00 23.80 39.50
2023 01 08 20 40 47 24.44 24.00 23.70 39.40
2023 01 08 20 43 29 24.38 23.94 23.70 39.30
2023 01 08 20 46 11 24.38 24.00 23.70 39.50
2023 01 08 20 48 54 24.38 23.94 23.70 39.70
2023 01 08 20 51 36 24.31 23.94 23.60 40.90
2023 01 08 20 54 18 24.31 23.94 23.70 40.80
2023 01 08 20 57 00 24.31 23.88 23.60 41.50
2023 01 08 20 59 42 24.25 23.81 23.60 41.40
2023 01 08 21 02 25 24.25 23.88 23.60 41.10
2023 01 08 21 05 07 24.25 23.81 23.60 40.90
2023 01 08 21 07 49 24.25 23.81 23.60 40.90
2023 01 08 21 10 31 24.19 23.75 23.50 40.80
2023 01 08 21 13 13 24.13 23.75 23.50 40.90
2023 01 08 21 15 56 24.13 23.75 23.50 40.90
2023 01 08 21 18 38 24.13 23.75 23.40 40.90
2023 01 08 21 21 20 24.13 23.75 23.50 40.80
2023 01 08 21 24 02 24.19 23.81 23.50 42.10
2023 01 08 21 26 44 24.13 23.75 23.50 42.70
2023 01 08 21 29 27 24.13 23.75 23.50 42.90
2023 01 08 21 32 09 24.13 23.69 23.50 43.40
2023 01 08 21 34 51 24.13 23.75 23.50 43.70
2023 01 08 21 37 33 24.06 23.75 23.40 44.70
2023 01 08 21 40 15 24.13 23.69 23.40 44.90
2023 01 08 21 42 58 24.13 23.69 23.40 46.30
2023 01 08 21 45 40 24.06 23.63 23.40 46.50
2023 01 08 21 48 22 24.06 23.63 23.40 46.00
2023 01 08 21 51 04 24.06 23.56 23.30 45.60
2023 01 08 21 53 47 24.06 23.63 23.30 45.30
2023 01 08 21 56 29 24.06 23.63 23.30 44.30
2023 01 08 21 59 11 24.00 23.63 23.30 45.80
2023 01 08 22 01 53 24.06 23.63 23.30 46.50
2023 01 08 22 04 35 24.06 23.69 23.40 47.60
2023 01 08 22 07 18 24.06 23.69 23.40 48.30
2023 01 08 22 10 00 24.06 23.69 23.40 47.70
2023 01 08 22 12 42 24.00 23.69 23.40 49.20
2023 01 08 22 15 24 23.94 23.63 23.40 48.90
2023 01 08 22 18 06 23.94 23.63 23.30 49.30
2023 01 08 22 20 49 24.00 23.63 23.30 46.90
2023 01 08 22 23 31 23.94 23.56 23.30 46.50
2023 01 08 22 26 13 23.88 23.56 23.30 46.20
2023 01 08 22 28 55 23.88 23.50 23.30 46.10
2023 01 08 22 31 37 23.88 23.50 23.20 45.50
2023 01 08 22 34 20 23.94 23.50 23.20 45.30
2023 01 08 22 37 02 23.88 23.50 23.20 44.70
2023 01 08 22 39 44 23.88 23.50 23.10 44.20
2023 01 08 22 42 26 23.88 23.44 23.20 43.90
2023 01 08 22 45 09 23.81 23.44 23.20 43.70
2023 01 08 22 47 51 23.81 23.44 23.20 43.50
2023 01 08 22 50 33 23.81 23.44 23.10 43.30
2023 01 08 22 53 15 23.75 23.38 23.10 43.10
2023 01 08 22 55 57 23.69 23.31 23.10 42.80
2023 01 08 22 58 40 23.75 23.31 23.00 42.60
2023 01 08 23 01 22 23.75 23.31 23.00 42.50
2023 01 08 23 04 04 23.69 23.31 23.00 42.20
2023 01 08 23 06 46 23.69 23.31 23.00 42.50
2023 01 08 23 09 28 23.69 23.31 23.00 42.40
2023 01 08 23 12 11 23.69 23.31 23.00 42.20
2023 01 08 23 14 53 23.69 23.31 23.00 42.00
2023 01 08 23 17 35 23.69 23.25 23.00 41.10
2023 01 08 23 20 17 23.69 23.31 23.00 41.70
2023 01 08 23 23 00 23.63 23.25 23.00 41.30
2023 01 08 23 25 42 23.63 23.25 23.00 41.00
2023 01 08 23 28 24 23.63 23.25 23.00 41.30
2023 01 08 23 31 06 23.63 23.25 22.90 41.90
2023 01 08 23 33 48 23.63 23.19 23.00 42.50
2023 01 08 23 36 31 23.56 23.19 22.90 42.50
2023 01 08 23 39 13 23.63 23.25 22.90 42.60
2023 01 08 23 41 55 23.63 23.31 23.00 41.90
2023 01 08 23 44 37 23.69 23.31 23.00 42.00
2023 01 08 23 47 19 23.69 23.31 23.00 41.40
2023 01 08 23 50 02 23.69 23.31 23.00 41.70
2023 01 08 23 52 44 23.63 23.25 23.00 41.30
2023 01 08 23 55 26 23.63 23.31 23.00 42.30
2023 01 08 23 58 08 23.69 23.25 23.00 41.90
2023 01 09 00 00 50 23.63 23.31 23.00 42.10
2023 01 09 00 03 33 23.69 23.25 23.00 41.90
2023 01 09 00 06 15 23.69 23.31 23.00 41.50
2023 01 09 00 08 57 23.69 23.25 23.00 41.90
2023 01 09 00 11 39 23.69 23.31 23.00 42.10
2023 01 09 00 14 22 23.63 23.31 23.00 41.70
2023 01 09 00 17 04 23.69 23.31 23.00 41.60
2023 01 09 00 19 46 23.69 23.31 23.00 41.00
2023 01 09 00 22 28 23.69 23.31 23.00 41.40
2023 01 09 00 25 10 23.69 23.31 23.00 41.20
2023 01 09 00 27 53 23.69 23.31 23.00 41.50
2023 01 09 00 30 35 23.63 23.25 23.00 41.70
2023 01 09 00 33 17 23.63 23.25 23.00 41.90
2023 01 09 00 35 59 23.63 23.25 23.00 42.00
2023 01 09 00 38 41 23.63 23.31 23.00 42.00
2023 01 09 00 41 24 23.63 23.31 23.00 41.90
2023 01 09 00 44 06 23.63 23.31 23.00 42.00
2023 01 09 00 46 48 23.63 23.25 23.00 42.10
2023 01 09 00 49 30 23.63 23.25 23.00 41.50
2023 01 09 00 52 12 23.63 23.25 23.00 41.30
2023 01 09 00 54 55 23.56 23.25 23.00 41.50
2023 01 09 00 57 37 23.56 23.19 23.00 42.00
2023 01 09 01 00 19 23.56 23.19 22.90 41.70
2023 01 09 01 03 01 23.56 23.19 22.90 41.60
2023 01 09 01 05 44 23.56 23.19 22.90 41.80
2023 01 09 01 08 26 23.56 23.19 22.90 41.60
2023 01 09 01 11 08 23.63 23.19 22.90 41.00
2023 01 09 01 13 50 23.63 23.25 22.90 41.60
2023 01 09 01 16 32 23.63 23.25 22.90 41.70
2023 01 09 01 19 15 23.56 23.19 22.90 41.60
2023 01 09 01 21 57 23.56 23.19 22.90 41.40
2023 01 09 01 24 39 23.56 23.19 22.90 40.90
2023 01 09 01 27 21 23.56 23.19 22.90 40.50
2023 01 09 01 30 03 23.50 23.13 22.90 42.10
2023 01 09 01 32 46 23.56 23.19 22.90 42.70
2023 01 09 01 35 28 23.56 23.19 22.90 43.00
2023 01 09 01 38 10 23.50 23.19 22.90 43.20
2023 01 09 01 40 52 23.50 23.19 22.90 43.10
2023 01 09 01 43 35 23.50 23.19 22.90 43.50
2023 01 09 01 46 17 23.50 23.19 22.90 43.10
2023 01 09 01 48 59 23.50 23.13 22.90 42.90
2023 01 09 01 51 41 23.56 23.19 22.90 42.80
2023 01 09 01 54 23 23.56 23.19 22.90 43.10
2023 01 09 01 57 06 23.56 23.19 22.90 42.90
2023 01 09 01 59 48 23.69 23.25 22.90 42.80
2023 01 09 02 02 30 23.69 23.19 22.90 42.60
2023 01 09 02 05 12 23.75 23.25 23.00 43.10
2023 01 09 02 07 54 23.63 23.25 22.90 43.50
2023 01 09 02 10 37 23.56 23.19 23.00 43.30
2023 01 09 02 13 19 23.63 23.31 23.00 44.10
2023 01 09 02 16 01 23.63 23.25 23.00 44.20
2023 01 09 02 18 43 23.63 23.25 23.00 44.30
2023 01 09 02 21 26 23.63 23.19 23.00 44.10
2023 01 09 02 24 08 23.63 23.25 22.90 44.30
2023 01 09 02 26 50 23.63 23.31 23.00 44.40
2023 01 09 02 29 32 23.63 23.25 23.00 43.60
2023 01 09 02 32 14 23.63 23.25 23.00 43.40
2023 01 09 02 34 57 23.63 23.25 23.00 43.90
2023 01 09 02 37 39 23.63 23.25 23.00 43.60
2023 01 09 02 40 21 23.56 23.25 23.00 43.60
2023 01 09 02 43 03 23.63 23.31 23.00 43.20
2023 01 09 02 45 45 23.63 23.25 23.00 43.10
2023 01 09 02 48 28 23.56 23.25 23.00 43.20
2023 01 09 02 51 10 23.63 23.25 22.90 42.80
2023 01 09 02 53 52 23.63 23.25 22.90 42.90
2023 01 09 02 56 34 23.63 23.19 22.90 43.00
2023 01 09 02 59 17 23.56 23.25 22.90 43.20
2023 01 09 03 01 59 23.56 23.19 22.90 42.80
2023 01 09 03 04 41 23.56 23.25 22.90 43.70
2023 01 09 03 07 23 23.56 23.19 22.90 43.30
2023 01 09 03 10 05 23.56 23.19 22.90 43.00
2023 01 09 03 12 48 23.56 23.19 22.90 42.80
2023 01 09 03 15 30 23.56 23.19 22.90 42.60
2023 01 09 03 18 12 23.56 23.19 22.90 42.70
2023 01 09 03 20 54 23.56 23.19 22.90 43.00
2023 01 09 03 23 36 23.56 23.19 22.90 43.30
2023 01 09 03 26 19 23.56 23.19 22.90 43.20
2023 01 09 03 29 01 23.56 23.19 23.00 43.40
2023 01 09 03 31 43 23.56 23.19 22.90 43.00
2023 01 09 03 34 25 23.63 23.25 23.00 44.10
2023 01 09 03 37 08 23.63 23.25 23.00 43.70
2023 01 09 03 39 50 23.63 23.25 23.00 43.40
2023 01 09 03 42 32 23.63 23.31 23.00 43.30
2023 01 09 03 45 14 23.63 23.25 23.10 43.80
2023 01 09 03 47 56 23.69 23.38 23.10 43.00
2023 01 09 03 50 39 23.69 23.31 23.00 42.80
2023 01 09 03 53 21 23.69 23.31 23.00 42.60
2023 01 09 03 56 03 23.63 23.25 23.00 42.50
2023 01 09 03 58 45 23.56 23.25 23.00 42.70
2023 01 09 04 01 27 23.63 23.25 23.00 42.50
2023 01 09 04 04 10 23.63 23.25 23.00 42.70
2023 01 09 04 06 52 23.56 23.19 23.00 42.70
2023 01 09 04 09 34 23.56 23.19 23.00 42.70
2023 01 09 04 12 16 23.56 23.25 22.90 42.70
2023 01 09 04 14 59 23.63 23.25 23.00 42.60
2023 01 09 04 17 41 23.56 23.25 22.90 42.80
2023 01 09 04 20 23 23.56 23.25 22.90 42.80
2023 01 09 04 23 05 23.56 23.19 22.90 42.80
2023 01 09 04 25 47 23.56 23.19 22.90 42.90
2023 01 09 04 28 30 23.63 23.31 23.00 43.80
2023 01 09 04 31 12 23.69 23.31 23.00 43.90
2023 01 09 04 33 54 23.69 23.38 23.10 43.30
2023 01 09 04 36 36 23.75 23.38 23.00 43.10
2023 01 09 04 39 18 23.69 23.38 23.10 43.00
2023 01 09 04 42 01 23.69 23.31 23.00 42.70
2023 01 09 04 44 43 23.75 23.31 23.00 42.90
2023 01 09 04 47 25 23.69 23.31 23.00 43.30
2023 01 09 04 50 07 23.69 23.31 23.00 43.40
2023 01 09 04 52 50 23.69 23.31 23.00 43.10
2023 01 09 04 55 32 23.63 23.31 23.00 43.30
2023 01 09 04 58 14 23.69 23.31 23.10 43.10
2023 01 09 05 00 56 23.69 23.31 23.00 43.10
2023 01 09 05 03 38 23.69 23.31 23.00 42.90
2023 01 09 05 06 21 23.69 23.31 23.00 42.80
2023 01 09 05 09 03 23.69 23.31 23.00 42.90
2023 01 09 05 11 45 23.69 23.38 23.10 42.70
2023 01 09 05 14 27 23.69 23.38 23.00 42.50
2023 01 09 05 17 09 23.75 23.38 23.00 42.40
2023 01 09 05 19 52 23.75 23.38 23.10 42.40
2023 01 09 05 22 34 23.75 23.38 23.10 42.20
2023 01 09 05 25 16 23.69 23.38 23.10 42.10
2023 01 09 05 27 58 23.69 23.31 23.00 42.10
2023 01 09 05 30 41 23.69 23.31 23.10 42.00
2023 01 09 05 33 23 23.69 23.31 23.10 42.10
2023 01 09 05 36 05 23.75 23.31 23.10 42.10
2023 01 09 05 38 47 23.75 23.38 23.00 41.90
2023 01 09 05 41 29 23.69 23.31 23.10 42.60
2023 01 09 05 44 12 23.63 23.31 23.00 43.00
2023 01 09 05 46 54 23.63 23.25 23.00 42.40
2023 01 09 05 49 36 23.63 23.25 23.00 42.40
2023 01 09 05 52 18 23.63 23.25 23.00 42.40
2023 01 09 05 55 00 23.63 23.25 23.00 42.20
2023 01 09 05 57 43 23.63 23.25 23.00 42.30
2023 01 09 06 00 25 23.56 23.25 23.00 42.90
2023 01 09 06 03 07 23.56 23.25 23.00 43.30
2023 01 09 06 05 49 23.63 23.25 22.90 42.90
2023 01 09 06 08 31 23.56 23.25 22.90 42.80
2023 01 09 06 11 14 23.63 23.25 22.90 42.90
2023 01 09 06 13 56 23.56 23.25 23.00 42.80
2023 01 09 06 16 38 23.63 23.25 23.00 42.70
2023 01 09 06 19 20 23.56 23.25 23.00 42.30
2023 01 09 06 22 03 23.63 23.25 23.00 42.80
2023 01 09 06 24 45 23.63 23.25 23.00 43.10
2023 01 09 06 27 27 23.63 23.25 23.00 43.10
2023 01 09 06 30 09 23.63 23.25 23.00 42.90
2023 01 09 06 32 51 23.63 23.25 23.00 42.80
2023 01 09 06 35 34 23.63 23.25 23.00 42.60
2023 01 09 06 38 16 23.63 23.31 23.00 42.30
2023 01 09 06 40 58 23.69 23.31 23.00 42.30
2023 01 09 06 43 40 23.69 23.31 23.00 42.70
2023 01 09 06 46 22 23.63 23.31 23.00 42.10
2023 01 09 06 49 05 23.63 23.31 23.00 42.20
2023 01 09 06 51 47 23.69 23.31 23.00 42.20
2023 01 09 06 54 29 23.69 23.31 23.00 42.30
2023 01 09 06 57 11 23.69 23.31 23.00 42.40
2023 01 09 06 59 54 23.63 23.31 23.00 42.50
2023 01 09 07 02 36 23.69 23.31 23.00 42.60
2023 01 09 07 05 18 23.69 23.38 23.00 42.30
2023 01 09 07 08 00 23.75 23.31 23.10 42.40
2023 01 09 07 10 42 23.69 23.31 23.00 41.90
2023 01 09 07 13 25 23.69 23.31 23.10 43.40
2023 01 09 07 16 07 23.75 23.31 23.00 43.00
2023 01 09 07 18 49 23.69 23.31 23.00 42.80
2023 01 09 07 21 31 23.75 23.38 23.10 42.20
2023 01 09 07 24 13 23.75 23.38 23.10 41.80
2023 01 09 07 26 56 23.75 23.38 23.10 41.90
2023 01 09 07 29 38 23.69 23.31 23.10 41.70
2023 01 09 07 32 20 23.69 23.31 23.00 41.60
2023 01 09 07 35 02 23.69 23.31 23.00 41.50
2023 01 09 07 37 45 23.69 23.31 23.00 40.90
2023 01 09 07 40 27 23.69 23.31 23.00 41.50
2023 01 09 07 43 09 23.69 23.31 23.00 41.30
2023 01 09 07 45 51 23.63 23.25 23.00 41.70
2023 01 09 07 48 33 23.63 23.31 23.00 41.30
2023 01 09 07 51 16 23.69 23.25 23.00 40.90
2023 01 09 07 53 58 23.63 23.25 23.00 40.70
2023 01 09 07 56 40 23.63 23.31 23.00 40.50
2023 01 09 07 59 22 23.63 23.25 23.00 40.60
2023 01 09 08 02 04 23.63 23.25 23.00 40.40
2023 01 09 08 04 47 23.69 23.31 23.00 40.30
2023 01 09 08 07 29 23.69 23.31 23.00 40.10
2023 01 09 08 10 11 23.63 23.25 23.00 39.90
2023 01 09 08 12 53 23.63 23.25 23.00 39.80
2023 01 09 08 15 36 23.69 23.31 23.00 39.70
2023 01 09 08 18 18 23.63 23.25 23.00 39.70
2023 01 09 08 21 00 23.63 23.25 23.00 39.40
2023 01 09 08 23 42 23.63 23.25 23.00 39.50
2023 01 09 08 26 24 23.63 23.19 22.90 39.40
2023 01 09 08 29 07 23.63 23.25 22.90 39.30
2023 01 09 08 31 49 23.63 23.25 23.00 39.30
2023 01 09 08 34 31 23.56 23.19 23.00 39.20
2023 01 09 08 37 13 23.63 23.19 22.90 39.10
2023 01 09 08 39 55 23.63 23.25 22.90 39.10
2023 01 09 08 42 38 23.63 23.19 23.00 39.10
2023 01 09 08 45 20 23.56 23.19 22.90 39.00
2023 01 09 08 48 02 23.63 23.25 22.90 38.90
2023 01 09 08 50 44 23.50 23.19 22.90 40.10
2023 01 09 08 53 27 23.50 23.19 22.90 40.40
2023 01 09 08 56 09 23.56 23.19 22.90 40.40
2023 01 09 08 58 51 23.56 23.25 22.90 39.20
2023 01 09 09 01 33 23.63 23.25 23.00 38.90
2023 01 09 09 04 15 23.63 23.25 23.00 38.80
2023 01 09 09 06 58 23.63 23.25 23.00 38.70
2023 01 09 09 09 40 23.56 23.19 23.00 38.60
2023 01 09 09 12 22 23.56 23.19 22.90 38.50
2023 01 09 09 15 04 23.56 23.19 22.90 38.70
2023 01 09 09 17 46 23.56 23.19 22.90 38.80
2023 01 09 09 20 29 23.56 23.25 22.90 38.60
2023 01 09 09 23 11 23.63 23.25 22.90 39.00
2023 01 09 09 25 53 23.56 23.19 22.90 39.80
2023 01 09 09 28 35 23.56 23.19 22.90 39.50
2023 01 09 09 31 17 23.56 23.19 22.90 39.40
2023 01 09 09 34 00 23.63 23.25 22.90 39.20
2023 01 09 09 36 42 23.63 23.25 22.90 39.00
2023 01 09 09 39 24 23.63 23.25 22.90 39.10
2023 01 09 09 42 06 23.63 23.25 23.00 38.50
2023 01 09 09 44 49 23.63 23.25 23.00 38.30
2023 01 09 09 47 31 23.63 23.25 22.90 38.40
2023 01 09 09 50 13 23.63 23.25 23.00 38.70
2023 01 09 09 52 55 23.69 23.31 23.00 39.10
2023 01 09 09 55 37 23.75 23.38 23.10 38.50
2023 01 09 09 58 20 23.75 23.38 23.10 38.70
2023 01 09 10 01 02 23.75 23.38 23.10 38.90
2023 01 09 10 03 44 23.75 23.44 23.10 38.40
2023 01 09 10 06 26 23.75 23.38 23.10 38.20
2023 01 09 10 09 08 23.75 23.44 23.20 38.70
2023 01 09 10 11 51 23.75 23.38 23.20 38.40
2023 01 09 10 14 33 23.69 23.31 23.10 38.20
2023 01 09 10 17 15 23.63 23.31 23.00 37.70
2023 01 09 10 19 57 23.63 23.31 23.00 37.60
2023 01 09 10 22 40 23.69 23.31 23.00 37.70
2023 01 09 10 25 22 23.63 23.31 23.00 37.60
2023 01 09 10 28 04 23.69 23.31 23.00 37.50
2023 01 09 10 30 46 23.63 23.31 23.00 37.40
2023 01 09 10 33 28 23.63 23.25 23.00 37.40
2023 01 09 10 36 11 23.63 23.25 23.00 37.30
2023 01 09 10 38 53 23.69 23.25 23.00 37.20
2023 01 09 10 41 35 23.69 23.31 23.00 37.20
2023 01 09 10 44 17 23.63 23.31 23.00 37.90
2023 01 09 10 47 00 23.63 23.31 23.00 38.10
2023 01 09 10 49 42 23.69 23.25 23.00 39.60
2023 01 09 10 52 24 23.63 23.25 23.00 39.90
2023 01 09 10 55 06 23.63 23.19 23.00 39.90
2023 01 09 10 57 48 23.56 23.19 22.90 40.90
2023 01 09 11 00 31 23.56 23.19 22.90 41.40
2023 01 09 11 03 13 23.56 23.19 22.90 42.50
2023 01 09 11 05 55 23.63 23.25 22.90 43.70
2023 01 09 11 08 37 23.63 23.25 22.90 43.50
2023 01 09 11 11 20 23.63 23.19 22.90 43.40
2023 01 09 11 14 02 23.63 23.25 22.90 43.90
2023 01 09 11 16 44 23.56 23.19 22.90 44.60
2023 01 09 11 19 26 23.69 23.25 22.90 44.40
2023 01 09 11 22 08 23.63 23.25 23.00 44.90
2023 01 09 11 24 51 23.69 23.25 23.00 45.10
2023 01 09 11 27 33 23.75 23.31 23.00 46.00
2023 01 09 11 30 15 23.69 23.31 23.00 46.20
2023 01 09 11 32 57 23.63 23.25 23.00 45.70
2023 01 09 11 35 39 23.75 23.31 23.00 46.40
2023 01 09 11 38 22 23.75 23.31 23.00 46.90
2023 01 09 11 41 04 23.69 23.25 23.00 47.00
2023 01 09 11 43 46 23.69 23.19 23.00 47.60
2023 01 09 11 46 28 23.69 23.25 23.00 47.80
2023 01 09 11 49 11 23.69 23.25 22.90 48.10
2023 01 09 11 51 53 23.75 23.31 23.00 48.00
2023 01 09 11 54 35 23.69 23.31 23.00 48.30
2023 01 09 11 57 17 23.75 23.31 23.00 48.50
2023 01 09 11 59 59 23.81 23.38 23.00 48.20
2023 01 09 12 02 42 23.81 23.38 23.00 47.90
2023 01 09 12 05 24 23.69 23.25 23.00 47.80
2023 01 09 12 08 06 23.63 23.25 22.90 48.10
2023 01 09 12 10 48 23.63 23.25 22.90 48.20
2023 01 09 12 13 30 23.63 23.19 22.90 48.00
2023 01 09 12 16 13 23.63 23.25 22.90 48.20
2023 01 09 12 18 55 23.56 23.19 22.90 48.40
2023 01 09 12 21 37 23.63 23.19 22.90 48.70
2023 01 09 12 24 19 23.56 23.19 22.90 48.70
2023 01 09 12 27 02 23.56 23.19 22.90 48.90
2023 01 09 12 29 44 23.50 23.19 22.90 48.90
2023 01 09 12 32 26 23.50 23.13 22.90 49.00
2023 01 09 12 35 08 23.56 23.19 22.90 48.90
2023 01 09 12 37 50 23.56 23.13 22.90 48.90
2023 01 09 12 40 33 23.75 23.25 22.90 56.40
2023 01 09 12 43 15 23.88 23.38 23.00 57.10
2023 01 09 12 45 57 23.75 23.38 23.00 57.50
2023 01 09 12 48 39 23.75 23.31 23.00 57.10
2023 01 09 12 51 21 23.69 23.38 23.10 57.10
2023 01 09 12 54 04 23.75 23.38 23.10 56.80
2023 01 09 12 56 46 23.75 23.38 23.10 56.70
2023 01 09 12 59 28 23.75 23.38 23.10 56.70
2023 01 09 13 02 10 23.75 23.31 23.10 55.40
2023 01 09 13 04 53 23.63 23.31 23.00 55.50
2023 01 09 13 07 35 23.69 23.25 23.00 55.50
2023 01 09 13 10 17 23.75 23.31 23.00 55.90
2023 01 09 13 12 59 23.69 23.31 23.00 55.80
2023 01 09 13 15 41 23.69 23.31 23.00 56.20
2023 01 09 13 18 24 23.75 23.31 23.00 56.40
2023 01 09 13 21 06 23.75 23.31 23.10 56.40
2023 01 09 13 23 48 23.75 23.38 23.10 57.30
2023 01 09 13 26 30 23.75 23.38 23.10 57.40
2023 01 09 13 29 12 23.88 23.38 23.10 57.40
2023 01 09 13 31 55 23.81 23.44 23.10 57.50
2023 01 09 13 34 37 23.81 23.38 23.10 57.80
2023 01 09 13 37 19 23.81 23.38 23.10 58.20
2023 01 09 13 40 01 23.75 23.38 23.10 58.20
2023 01 09 13 42 43 23.75 23.31 23.10 58.20
2023 01 09 13 45 26 23.75 23.38 23.00 58.00
2023 01 09 13 48 08 23.81 23.38 23.00 58.30
2023 01 09 13 50 50 23.81 23.44 23.00 58.20
2023 01 09 13 53 32 23.81 23.38 23.00 57.50
2023 01 09 13 56 14 23.81 23.38 23.10 57.40
2023 01 09 13 58 57 23.81 23.38 23.00 57.60
2023 01 09 14 01 39 23.81 23.31 23.00 57.50
2023 01 09 14 04 21 23.75 23.31 23.00 57.20
2023 01 09 14 07 03 23.75 23.31 23.00 57.30
2023 01 09 14 09 46 23.75 23.31 23.00 57.50
2023 01 09 14 12 28 23.69 23.31 23.00 57.80
2023 01 09 14 15 10 23.69 23.25 23.00 57.70
2023 01 09 14 17 52 23.69 23.25 23.00 58.30
2023 01 09 14 20 34 23.69 23.25 23.00 58.60
2023 01 09 14 23 17 23.69 23.31 23.00 58.20
2023 01 09 14 25 59 23.69 23.25 23.00 59.10
2023 01 09 14 28 41 23.69 23.25 23.00 59.60
2023 01 09 14 31 23 23.63 23.25 22.90 59.80
2023 01 09 14 34 05 23.63 23.25 22.90 59.70
2023 01 09 14 36 48 23.69 23.31 22.90 60.60
2023 01 09 14 39 30 23.63 23.25 22.90 60.50
2023 01 09 14 42 12 23.69 23.25 23.00 61.30
2023 01 09 14 44 54 23.69 23.31 23.00 61.40
2023 01 09 14 47 37 23.81 23.38 23.00 62.00
2023 01 09 14 50 19 23.81 23.38 23.10 62.70
2023 01 09 14 53 01 23.94 23.50 23.10 68.00
2023 01 09 14 55 43 23.94 23.44 23.10 65.40
2023 01 09 14 58 25 23.75 23.38 23.10 66.30
2023 01 09 15 01 08 23.75 23.31 23.00 65.60
2023 01 09 15 03 50 23.69 23.31 23.00 64.90
2023 01 09 15 06 32 23.69 23.25 23.00 64.30
2023 01 09 15 09 14 23.69 23.25 22.90 63.90
2023 01 09 15 11 56 23.63 23.25 23.00 64.00
2023 01 09 15 14 39 23.69 23.25 22.90 63.90
2023 01 09 15 17 21 23.69 23.25 22.90 63.50
2023 01 09 15 20 03 23.69 23.25 22.90 63.70
2023 01 09 15 22 45 23.75 23.25 23.00 64.00
2023 01 09 15 25 27 23.69 23.25 23.00 63.60
2023 01 09 15 28 10 23.63 23.25 22.90 63.00
2023 01 09 15 30 52 23.69 23.25 23.00 63.10
2023 01 09 15 33 34 23.63 23.25 22.90 63.00
2023 01 09 15 36 16 23.56 23.19 22.90 62.60
2023 01 09 15 38 59 23.69 23.19 22.90 62.40
2023 01 09 15 41 41 23.63 23.19 22.90 63.00
2023 01 09 15 44 23 23.63 23.19 22.90 62.70
2023 01 09 15 47 05 23.56 23.19 22.90 62.70
2023 01 09 15 49 47 23.56 23.19 22.90 62.10
2023 01 09 15 52 30 23.56 23.19 22.90 63.00
2023 01 09 15 55 12 23.69 23.25 22.90 62.60
2023 01 09 15 57 54 23.63 23.25 23.00 62.40
2023 01 09 16 00 36 23.69 23.31 23.00 61.90
2023 01 09 16 03 19 23.63 23.31 23.00 61.70
2023 01 09 16 06 01 23.69 23.31 23.10 60.70
2023 01 09 16 08 43 23.88 23.44 23.10 62.30
2023 01 09 16 11 25 23.94 23.50 23.20 61.80
2023 01 09 16 14 07 24.00 23.56 23.20 62.00
2023 01 09 16 16 50 24.06 23.56 23.30 62.30
2023 01 09 16 19 32 24.13 23.69 23.30 62.00
2023 01 09 16 22 14 24.19 23.69 23.30 61.60
2023 01 09 16 24 56 24.19 23.69 23.40 61.30
2023 01 09 16 27 38 24.19 23.69 23.30 61.10
2023 01 09 16 30 21 24.19 23.69 23.30 60.10
2023 01 09 16 33 03 24.19 23.69 23.40 60.20
2023 01 09 16 35 45 24.19 23.69 23.40 60.10
2023 01 09 16 38 27 24.19 23.69 23.40 59.60
2023 01 09 16 41 09 24.19 23.69 23.40 59.30
2023 01 09 16 43 52 24.19 23.69 23.40 58.40
2023 01 09 16 46 34 24.13 23.69 23.40 59.00
2023 01 09 16 49 16 24.44 23.88 23.50 61.50
2023 01 09 16 51 58 24.38 23.88 23.50 60.50
2023 01 09 16 54 40 24.31 23.88 23.50 60.40
2023 01 09 16 57 23 24.31 23.81 23.50 59.10
2023 01 09 17 00 05 24.25 23.81 23.50 60.20
2023 01 09 17 02 47 24.38 23.81 23.50 60.80
2023 01 09 17 05 29 24.44 23.94 23.60 60.60
2023 01 09 17 08 11 24.44 24.00 23.70 60.30
2023 01 09 17 10 54 24.38 24.00 23.70 58.90
2023 01 09 17 13 36 24.31 23.94 23.70 58.70
2023 01 09 17 16 18 24.31 23.88 23.60 59.00
2023 01 09 17 19 00 24.31 23.88 23.60 59.00
2023 01 09 17 21 42 24.25 23.81 23.50 59.70
2023 01 09 17 24 25 24.25 23.81 23.50 58.40
2023 01 09 17 27 07 24.19 23.75 23.50 57.70
2023 01 09 17 29 49 24.25 23.75 23.50 57.80
2023 01 09 17 32 31 24.25 23.81 23.50 57.40
2023 01 09 17 35 13 24.19 23.75 23.50 56.70
2023 01 09 17 37 56 24.06 23.69 23.40 57.10
2023 01 09 17 40 38 24.06 23.69 23.40 56.90
2023 01 09 17 43 20 24.00 23.63 23.40 57.10
2023 01 09 17 46 02 23.94 23.63 23.40 57.10
2023 01 09 17 48 45 24.00 23.63 23.40 57.20
2023 01 09 17 51 27 24.00 23.63 23.40 57.20
2023 01 09 17 54 09 23.94 23.56 23.40 57.20
2023 01 09 17 56 51 24.00 23.63 23.40 57.10
2023 01 09 17 59 33 23.94 23.56 23.30 57.00
2023 01 09 18 02 16 24.00 23.63 23.40 57.20
2023 01 09 18 04 58 23.94 23.63 23.30 57.70
2023 01 09 18 07 40 23.94 23.56 23.30 57.90
2023 01 09 18 10 22 23.88 23.56 23.30 57.90
2023 01 09 18 13 04 23.88 23.56 23.30 57.80
2023 01 09 18 15 47 23.88 23.56 23.30 57.70
2023 01 09 18 18 29 23.88 23.56 23.30 57.50
2023 01 09 18 21 11 23.94 23.56 23.30 57.40
2023 01 09 18 23 53 23.88 23.56 23.30 57.30
2023 01 09 18 26 35 23.94 23.56 23.30 56.80
2023 01 09 18 29 18 24.00 23.63 23.30 57.40
2023 01 09 18 32 00 24.00 23.56 23.40 56.70
2023 01 09 18 34 42 23.88 23.56 23.30 56.10
2023 01 09 18 37 24 23.88 23.50 23.30 56.20
2023 01 09 18 40 06 23.88 23.50 23.30 56.20
2023 01 09 18 42 49 23.94 23.50 23.30 56.40
2023 01 09 18 45 31 23.88 23.50 23.30 56.50
2023 01 09 18 48 13 23.88 23.50 23.30 56.30
2023 01 09 18 50 55 23.94 23.50 23.30 56.20
2023 01 09 18 53 37 24.00 23.56 23.30 55.80
2023 01 09 18 56 20 23.94 23.56 23.30 56.10
2023 01 09 18 59 02 24.00 23.63 23.40 56.10
2023 01 09 19 01 44 23.94 23.69 23.40 56.30
2023 01 09 19 04 26 24.06 23.63 23.40 55.70
2023 01 09 19 07 08 24.19 23.75 23.50 57.80
2023 01 09 19 09 51 24.25 23.75 23.50 57.50
2023 01 09 19 12 33 24.31 23.81 23.50 57.80
2023 01 09 19 15 15 24.38 23.88 23.50 57.90
2023 01 09 19 17 57 24.31 23.81 23.50 57.30
2023 01 09 19 20 39 24.25 23.75 23.50 56.60
2023 01 09 19 23 22 24.13 23.75 23.40 56.60
2023 01 09 19 26 04 24.13 23.75 23.50 56.80
2023 01 09 19 28 46 24.19 23.81 23.50 56.70
2023 01 09 19 31 28 24.25 23.88 23.60 55.70
2023 01 09 19 34 10 24.25 23.88 23.60 55.40
2023 01 09 19 36 53 24.19 23.81 23.50 55.00
2023 01 09 19 39 35 24.19 23.81 23.50 56.00
2023 01 09 19 42 17 24.25 23.75 23.50 56.10
2023 01 09 19 44 59 24.25 23.81 23.50 55.50
2023 01 09 19 47 42 24.13 23.69 23.40 55.50
2023 01 09 19 50 24 24.13 23.75 23.40 55.50
2023 01 09 19 53 06 24.06 23.75 23.40 55.70
2023 01 09 19 55 48 24.19 23.88 23.50 55.60
2023 01 09 19 58 30 24.13 23.75 23.50 55.70
2023 01 09 20 01 13 24.13 23.75 23.50 55.00
2023 01 09 20 03 55 24.13 23.75 23.50 54.50
2023 01 09 20 06 37 24.06 23.75 23.50 54.30
2023 01 09 20 09 19 24.13 23.75 23.50 54.60
2023 01 09 20 12 01 24.13 23.81 23.50 54.60
2023 01 09 20 14 44 24.19 23.75 23.50 54.40
2023 01 09 20 17 26 24.13 23.75 23.50 54.20
2023 01 09 20 20 08 24.06 23.69 23.50 54.00
2023 01 09 20 22 50 24.06 23.69 23.50 53.70
2023 01 09 20 25 32 24.13 23.69 23.50 53.30
